0 0.047049 0.399930 0.066986 0.267617
0 0.068581 0.377504 0.031898 0.156982
0 0.142344 0.411142 0.066188 0.164457
0 0.244019 0.465713 0.074960 0.153992
0 0.312998 0.416376 0.090112 0.162962
0 0.390351 0.411891 0.034290 0.228745
0 0.452153 0.435064 0.047847 0.131566
0 0.525917 0.434319 0.056619 0.264627
0 0.561802 0.420114 0.031100 0.164457
0 0.642743 0.423104 0.057416 0.188378
0 0.686204 0.499352 0.062998 0.092694
0 0.759569 0.470946 0.055024 0.101665
0 0.797448 0.485149 0.025518 0.204824
0 0.859649 0.529256 0.055821 0.041862
0 0.908293 0.514303 0.052632 0.137546
0 0.951754 0.485149 0.042265 0.300508