0 0.052632 0.430548 0.068581 0.349185
0 0.104466 0.411902 0.036683 0.257651
0 0.163477 0.390714 0.090909 0.191543
0 0.257974 0.443261 0.050239 0.025426
0 0.318979 0.401732 0.070175 0.118655
0 0.374003 0.405970 0.030303 0.252566
0 0.440989 0.462755 0.036683 0.138996
0 0.543062 0.422073 0.066986 0.213579
0 0.598884 0.416140 0.030303 0.300028
0 0.661085 0.444109 0.063796 0.115265
0 0.758373 0.411902 0.054226 0.250871
0 0.808214 0.403427 0.047049 0.193238
0 0.861244 0.455127 0.046252 0.140691
0 0.919856 0.443261 0.058214 0.171202
0 0.964514 0.401732 0.051834 0.301723