0 0.128205 0.527949 0.053419 0.403871
0 0.158120 0.530814 0.025641 0.213475
0 0.197115 0.536580 0.052350 0.219244
0 0.258547 0.581295 0.049145 0.054811
0 0.308226 0.522159 0.058761 0.196166
0 0.348291 0.535144 0.042735 0.372138
0 0.431090 0.526487 0.043803 0.181742
0 0.516560 0.503400 0.054487 0.418295
0 0.557158 0.525047 0.039530 0.305788
0 0.602564 0.520723 0.047009 0.227899
0 0.647436 0.545235 0.044872 0.138470
0 0.686432 0.519272 0.037393 0.184627
0 0.715812 0.517835 0.034188 0.343291
0 0.777778 0.507735 0.055556 0.150009
0 0.841346 0.461573 0.058761 0.265401
0 0.875534 0.474557 0.045940 0.441374