0 0.047009 0.450596 0.023504 0.406990
0 0.121261 0.404567 0.030983 0.295552
0 0.173077 0.477244 0.032051 0.150199
0 0.256944 0.397300 0.045940 0.261636
0 0.309829 0.409413 0.017094 0.305243
0 0.378205 0.465122 0.066239 0.067832
0 0.443910 0.411835 0.026709 0.426371
0 0.495726 0.462709 0.021368 0.440906
0 0.547543 0.436061 0.039530 0.281017
0 0.613782 0.501397 0.033120 0.101748
0 0.679487 0.423948 0.051282 0.285862
0 0.745192 0.457864 0.022436 0.373074
0 0.811432 0.494202 0.033120 0.222875
0 0.889957 0.416680 0.059829 0.232566
0 0.942842 0.448174 0.022436 0.392455