0 0.072401 0.383442 0.030809 0.213508
0 0.108601 0.377996 0.032349 0.198257
0 0.179462 0.371460 0.056996 0.119826
0 0.248012 0.394336 0.036971 0.069717
0 0.319642 0.373638 0.063158 0.124183
0 0.364315 0.377996 0.023107 0.193900
0 0.420541 0.380174 0.040052 0.015251
0 0.525292 0.376906 0.061618 0.148148
0 0.602314 0.376906 0.046213 0.309368
0 0.688579 0.377996 0.067780 0.111111
0 0.763290 0.358388 0.038511 0.220044
0 0.829530 0.350763 0.032349 0.122004
0 0.894998 0.358388 0.043132 0.063181
0 0.951995 0.336601 0.049294 0.119826
0 0.985114 0.337691 0.023107 0.226580