0 0.053788 0.546263 0.037879 0.355556
0 0.130682 0.578586 0.035606 0.290909
0 0.183333 0.507475 0.022727 0.704646
0 0.216667 0.533333 0.033333 0.717576
0 0.251136 0.507475 0.029545 0.691717
0 0.295455 0.510707 0.012121 0.400808
0 0.333712 0.501010 0.034091 0.471919
0 0.402273 0.623838 0.036364 0.329697
0 0.471970 0.458990 0.027273 0.400808
0 0.533712 0.458990 0.025000 0.685253
0 0.589015 0.617374 0.031061 0.071111
0 0.650379 0.404040 0.032576 0.355556
0 0.696970 0.433131 0.022727 0.724040
0 0.745076 0.539798 0.034091 0.316768
0 0.815530 0.365253 0.032576 0.446061
0 0.859848 0.342626 0.019697 0.607677
0 0.907955 0.465455 0.031061 0.323232
0 0.964394 0.352323 0.028788 0.458990