0 0.016026 0.519179 0.021368 0.251954
0 0.067308 0.513452 0.012821 0.171787
0 0.140491 0.509635 0.045940 0.133612
0 0.235577 0.538266 0.030983 0.137430
0 0.322115 0.522996 0.037393 0.137430
0 0.370192 0.522996 0.013889 0.145065
0 0.439637 0.538266 0.035256 0.045810
0 0.498397 0.505817 0.037393 0.156517
0 0.544872 0.511544 0.021368 0.251954
0 0.608440 0.542084 0.035256 0.206144
0 0.678953 0.526814 0.022436 0.190875
0 0.740385 0.517270 0.044872 0.156517
0 0.811966 0.532540 0.034188 0.133612
0 0.884081 0.524905 0.039530 0.141247
0 0.923077 0.528722 0.021368 0.232867