0 0.043561 0.450678 0.023485 0.530209
0 0.087879 0.446265 0.018182 0.450678
0 0.135985 0.459514 0.040152 0.318125
0 0.193182 0.492598 0.030303 0.075113
0 0.256232 0.456869 0.046212 0.318125
0 0.296591 0.508111 0.025000 0.477188
0 0.351515 0.489494 0.025758 0.185573
0 0.417803 0.523594 0.023485 0.437422
0 0.456818 0.486216 0.043939 0.234176
0 0.519318 0.536837 0.031061 0.189992
0 0.571591 0.455072 0.040152 0.256268
0 0.604924 0.525797 0.023485 0.459514
0 0.644490 0.555966 0.021212 0.530209
0 0.704167 0.600873 0.044697 0.247431
0 0.782955 0.512535 0.046212 0.256268
0 0.857576 0.556719 0.042424 0.300452
0 0.944523 0.507440 0.039394 0.344636