0 0.042356 0.534636 0.041684 0.134991
0 0.087401 0.519538 0.053786 0.119005
0 0.160012 0.566607 0.043028 0.074600
0 0.261532 0.526643 0.052441 0.069272
0 0.306577 0.539964 0.021514 0.110124
0 0.365742 0.540853 0.045718 0.076377
0 0.431629 0.543517 0.037650 0.145648
0 0.494155 0.547957 0.033616 0.154529
0 0.573488 0.543517 0.063198 0.085258
0 0.680387 0.579929 0.045718 0.015986
0 0.728794 0.561279 0.034961 0.081705
0 0.784596 0.569272 0.017480 0.119005
0 0.837710 0.565719 0.048407 0.111901
0 0.919732 0.571936 0.045718 0.103020
0 0.978224 0.587034 0.030927 0.165187