0 0.065927 0.473349 0.019582 0.463819
0 0.098564 0.476526 0.009138 0.292269
0 0.135117 0.476511 0.030026 0.292269
0 0.182768 0.559124 0.046997 0.203318
0 0.236945 0.498764 0.027415 0.463819
0 0.265013 0.489233 0.023499 0.432050
0 0.334204 0.508295 0.054830 0.393928
0 0.405352 0.571831 0.058747 0.279562
0 0.494778 0.476526 0.054830 0.444758
0 0.550914 0.501941 0.020888 0.482880
0 0.605744 0.609953 0.041775 0.317684
0 0.693864 0.581362 0.050914 0.451111
0 0.764360 0.584539 0.027415 0.521002
0 0.798956 0.616307 0.028721 0.597246
0 0.868146 0.641722 0.049608 0.241440
0 0.943864 0.651252 0.052219 0.298623