0 0.043773 0.493870 0.019600 0.084063
0 0.068599 0.497373 0.022213 0.010508
0 0.101265 0.470228 0.032666 0.075306
0 0.141118 0.486865 0.039199 0.059545
0 0.192077 0.494746 0.018293 0.110333
0 0.244342 0.492119 0.028746 0.049037
0 0.290728 0.478109 0.032666 0.126095
0 0.318821 0.485114 0.028746 0.105079
0 0.370434 0.481611 0.037893 0.056042
0 0.411593 0.468476 0.031359 0.064799
0 0.452099 0.487741 0.033973 0.012259
0 0.495218 0.466725 0.039199 0.064799
0 0.541604 0.467601 0.016986 0.098074
0 0.603670 0.462347 0.039199 0.059545
0 0.672268 0.448336 0.035279 0.094571
0 0.738907 0.468476 0.022213 0.127846