0 0.123932 0.569525 0.025641 0.096940
0 0.166132 0.552864 0.030983 0.093911
0 0.239850 0.578614 0.026709 0.018176
0 0.306624 0.555893 0.017094 0.136323
0 0.341346 0.558922 0.026709 0.118146
0 0.398504 0.566496 0.025641 0.096940
0 0.472222 0.525599 0.027778 0.130264
0 0.522436 0.533173 0.017094 0.181763
0 0.583333 0.549834 0.036325 0.093911
0 0.649573 0.522570 0.019231 0.142381
0 0.701389 0.507423 0.030983 0.075735
0 0.745192 0.525599 0.024573 0.021206
0 0.815171 0.508938 0.036325 0.121176
0 0.863248 0.498335 0.025641 0.190852