0 0.047248 0.506952 0.054128 0.522314
0 0.106881 0.495430 0.026606 0.307243
0 0.166055 0.478148 0.056881 0.387895
0 0.223853 0.631769 0.060550 0.264998
0 0.322477 0.529995 0.070642 0.437822
0 0.366972 0.535756 0.056881 0.664414
0 0.450917 0.587603 0.052294 0.107535
0 0.527982 0.372533 0.068807 0.460865
0 0.604587 0.560719 0.051376 0.330287
0 0.667431 0.497350 0.050459 0.549198
0 0.747248 0.495430 0.085321 0.368692
0 0.841284 0.579922 0.045872 0.092173
0 0.900000 0.393656 0.045872 0.364852
0 0.950000 0.433981 0.052294 0.783471