0 0.049040 0.445709 0.032693 0.166375
0 0.095053 0.426445 0.032693 0.099825
0 0.170733 0.443082 0.046013 0.066550
0 0.270024 0.420315 0.055700 0.108581
0 0.334805 0.429947 0.020585 0.145359
0 0.382029 0.439580 0.027850 0.014011
0 0.452260 0.436953 0.044802 0.096322
0 0.514014 0.450088 0.037537 0.063047
0 0.563660 0.422942 0.025428 0.176883
0 0.590904 0.427320 0.021796 0.133100
0 0.647210 0.432574 0.049646 0.087566
0 0.716835 0.450963 0.029061 0.064799
0 0.771324 0.401051 0.031483 0.119089
0 0.810071 0.420315 0.016952 0.150613
0 0.862139 0.399299 0.038748 0.087566
0 0.911179 0.381786 0.044802 0.150613
0 0.959614 0.405429 0.013320 0.180385